lucifer s02 720,hdser,false
designated survivor,hdser,false
blacklist,xvidser,false
